basestalon	 basestalat	 phi	 dt	 basesta 

 -121.760800	  46.560500	  -78.608583	  1.468354	 E05A
 -119.854800	  46.558500	  -76.458261	  1.265823	 E07A
 -119.059500	  46.491100	  -76.994797	  1.063291	 E08A
 -118.145500	  46.513900	  -85.444923	  0.962025	 E09A
 -117.110200	  46.485000	  -78.836439	  0.708861	 E10A
 -116.209200	  46.355900	  -88.333134	  0.506329	 E11A
 -121.458000	  45.883900	  -75.543647	  1.569620	 F05A
 -120.781700	  45.766400	  -77.159353	  1.721519	 F06A
 -119.927800	  45.895100	  -75.627073	  1.417722	 F07A
 -118.776800	  45.797100	  -81.963041	  1.164557	 F08A
 -117.909400	  45.708700	  -77.469545	  0.962025	 F09A
 -117.227700	  45.973400	  -84.014695	  0.759494	 F10A
 -116.154900	  45.888300	  -80.404686	  0.556962	 F11A
 -121.316700	  45.242200	  -81.568016	  1.569620	 G05A
 -120.635100	  45.235700	  -74.164839	  1.468354	 G06A
 -119.669200	  45.266400	  -84.589041	  1.417722	 G07A
 -118.959500	  45.290400	  -78.167319	  1.215190	 G08A
 -117.780200	  45.278100	  -80.479816	  0.860759	 G09A
 -117.120400	  45.292500	  -85.092887	  0.911392	 G10A
 -121.227100	  44.647300	  -82.612829	  1.569620	 H05A
 -120.334600	  44.734400	  -80.073665	  1.316456	 H06A
 -119.564600	  44.591300	  -76.648090	  1.468354	 H07A
 -118.670400	  44.519100	  -84.141429	  1.164557	 H08A
 -116.747400	  44.589000	  -81.019819	  0.607595	 H10A
 -121.267500	  44.162600	  -83.713835	  1.367089	 I05A
 -120.210700	  43.943700	  -88.133408	  1.468354	 I06A
 -119.504200	  44.082000	  -80.701230	  1.215190	 I07A
 -117.740700	  43.973300	  -85.707008	  0.860759	 I09A
 -116.802900	  44.086000	  -87.150940	  0.556962	 I10A
 -115.957800	  43.912100	  77.293623	  0.202532	 I11A
 -116.981400	  43.289900	  -88.403317	  0.556962	 ID001
 -116.507000	  43.194700	  -83.154933	  0.405063	 ID002
 -116.626900	  42.917000	  88.726158	  0.405063	 ID004
 -116.133000	  42.833900	  81.985477	  0.253165	 ID005
 -116.364800	  42.663400	  86.825010	  0.303797	 ID007
 -115.980500	  42.546600	  89.015889	  0.151899	 ID008
 -116.288200	  42.339700	  75.807899	  0.354430	 ID014
 -116.170100	  42.308800	  73.867310	  0.303797	 ID015
 -116.689800	  42.293600	  89.577976	  0.455696	 ID016
 -121.235700	  43.284300	  -87.829629	  1.164557	 J05A
 -120.152800	  43.251500	  -84.211163	  1.063291	 J06A
 -119.310500	  43.373600	  -88.709149	  0.962025	 J07A
 -118.474300	  43.358000	  -88.235188	  1.012658	 J08A
 -117.754200	  43.347100	  -80.828787	  0.860759	 J09A
 -116.767000	  43.427500	  -80.256940	  0.556962	 J10A
 -115.827800	  43.415100	  70.267730	  0.151899	 J11A
 -120.893400	  42.725800	  85.284757	  1.012658	 K05A
 -120.251000	  42.799100	  81.662591	  1.063291	 K06A
 -119.246900	  42.691200	  -89.784076	  1.063291	 K07A
 -118.486400	  42.730800	  -88.348522	  0.860759	 K08A
 -117.725100	  42.699600	  -87.926425	  0.708861	 K09A
 -116.870500	  42.777900	  85.564845	  0.556962	 K10A
 -116.032300	  42.771300	  82.029516	  0.202532	 K11A
 -120.833600	  42.047200	  75.221490	  0.911392	 L05A
 -119.339800	  42.018700	  74.058610	  0.911392	 L07A
 -118.344500	  42.190100	  82.641925	  0.860759	 L08A
 -117.666700	  42.019200	  82.990389	  0.860759	 L09A
 -116.471100	  42.077300	  84.659901	  0.405063	 L10A
 -115.754100	  42.166900	  62.069568	  0.202532	 L11A
 -120.477200	  41.204700	  64.305616	  1.063291	 M06C
 -119.171100	  41.388400	  66.057861	  1.012658	 M07A
 -118.379200	  41.448300	  69.504699	  0.962025	 M08A
 -117.449700	  41.423000	  79.011421	  0.658228	 M09A
 -116.539600	  41.522000	  80.525097	  0.354430	 M10A
 -115.791200	  41.431100	  71.915515	  0.253165	 M11A
 -118.661100	  41.966600	  77.429631	  0.911392	 NV001
 -115.959000	  41.918200	  64.911861	  0.354430	 NV004
 -118.610500	  41.826100	  74.435664	  0.911392	 NV008
 -116.324300	  41.827200	  83.695926	  0.354430	 NV009
 -118.583100	  41.618700	  72.418487	  0.911392	 NV013
 -117.874200	  45.021500	  -87.584865	  1.012658	 OR002
 -118.144400	  44.683200	  -79.806389	  1.012658	 OR005
 -119.027200	  44.491800	  -84.353204	  1.316456	 OR006
 -121.312800	  44.371200	  -80.707477	  1.468354	 OR007
 -120.974700	  44.409000	  -81.503074	  1.569620	 OR008
 -119.413200	  44.465700	  -77.581998	  1.417722	 OR009
 -118.836000	  44.396900	  -83.259442	  1.265823	 OR011
 -121.489800	  44.273900	  -84.826692	  1.367089	 OR012
 -119.024300	  44.203800	  -80.402701	  1.265823	 OR014
 -121.030200	  44.215500	  -79.566643	  1.468354	 OR015
 -120.601700	  44.214700	  -84.316505	  1.569620	 OR016
 -121.409400	  44.148700	  -85.799078	  1.316456	 OR018
 -118.993600	  44.112600	  -81.401030	  1.215190	 OR019
 -120.685900	  44.053100	  -79.391728	  1.518987	 OR024
 -118.969300	  44.007500	  -82.405448	  1.164557	 OR027
 -121.192500	  43.991800	  -86.696728	  1.265823	 OR029
 -121.036400	  43.906000	  -85.619134	  1.265823	 OR030
 -120.886200	  43.855300	  -83.539697	  1.265823	 OR032
 -119.028000	  43.774100	  -83.479684	  1.164557	 OR033
 -120.559000	  43.835900	  -78.352782	  1.417722	 OR034
 -120.022700	  43.887600	  -89.033754	  1.367089	 OR035
 -118.987600	  43.694200	  -83.470246	  1.164557	 OR039
 -120.284900	  43.717400	  -80.213072	  1.468354	 OR040
 -119.709200	  43.680300	  -88.887056	  1.164557	 OR043
 -119.220000	  43.632500	  -81.613990	  1.113924	 OR044
 -120.192600	  43.679300	  -82.165889	  1.468354	 OR046
 -120.441300	  43.615000	  -80.319802	  1.265823	 OR048
 -118.601900	  43.594300	  -86.266886	  1.012658	 OR049
 -120.012400	  43.640500	  -88.068218	  1.417722	 OR051
 -119.024900	  43.522400	  -82.520921	  1.063291	 OR052
 -118.408800	  43.550100	  -85.164470	  0.962025	 OR053
 -118.103000	  43.522500	  -80.995294	  0.911392	 OR054
 -119.763200	  43.549100	  89.060305	  1.265823	 OR055
 -120.678300	  43.576100	  -87.462905	  1.164557	 OR056
 -120.115800	  43.498700	  -80.150642	  1.367089	 OR057
 -119.703200	  43.487200	  89.084638	  1.215190	 OR058
 -119.556500	  43.453000	  89.163167	  1.113924	 OR059
 -119.022800	  43.433500	  -82.534769	  1.012658	 OR060
 -120.561300	  43.392200	  88.575981	  1.113924	 OR061
 -119.779400	  43.306300	  -85.988418	  1.316456	 OR062
 -119.347200	  43.388700	  -88.727628	  0.962025	 OR064
 -119.189100	  43.346000	  -86.644391	  0.911392	 OR066
 -119.039200	  43.294400	  -84.567507	  0.911392	 OR067
 -118.228000	  43.306100	  -86.104377	  0.911392	 OR069
 -117.893800	  43.233500	  -81.927935	  0.810127	 OR070
 -119.297000	  43.235600	  89.275763	  0.962025	 OR072
 -118.896200	  43.246900	  -83.494049	  0.962025	 OR073
 -119.853900	  43.163800	  -82.053872	  1.164557	 OR074
 -119.491600	  43.208400	  88.160281	  1.164557	 OR075
 -117.344700	  43.155300	  -87.632311	  0.759494	 OR076
 -118.654300	  43.197100	  -84.364992	  1.012658	 OR077
 -118.971700	  43.160700	  -86.551416	  0.860759	 OR078
 -118.571000	  43.128700	  -85.329359	  1.012658	 OR079
 -117.652900	  43.063600	  -80.822140	  0.759494	 OR080
 -118.420600	  43.109500	  -87.247447	  1.012658	 OR081
 -119.417800	  43.118600	  88.187772	  1.164557	 OR082
 -118.163500	  43.072500	  -89.108447	  0.911392	 OR084
 -119.714200	  43.016700	  -82.997515	  1.063291	 OR086
 -118.662400	  42.991100	  -85.404339	  0.911392	 OR087
 -117.302300	  42.965600	  -85.642674	  0.708861	 OR088
 -118.028000	  43.000700	  -88.044426	  0.860759	 OR089
 -117.890500	  42.925000	  -86.980147	  0.759494	 OR090
 -119.043700	  42.875500	  86.360683	  0.962025	 OR091
 -119.555100	  42.860000	  -84.931873	  1.012658	 OR092
 -119.179800	  42.919400	  86.290702	  1.063291	 OR093
 -118.334900	  43.939900	  -81.053043	  1.063291	 OR094
 -117.658800	  42.856500	  -83.861949	  0.708861	 OR095
 -117.113800	  42.813800	  -88.564434	  0.658228	 OR096
 -117.573900	  42.820300	  -81.820696	  0.708861	 OR097
 -119.230200	  42.775400	  89.238866	  1.063291	 OR098
 -118.689000	  42.737300	  89.538417	  0.860759	 OR099
 -117.407800	  42.767700	  -81.736972	  0.658228	 OR101
 -118.105900	  42.827800	  89.881953	  0.911392	 OR103
 -117.193500	  42.716900	  -82.626257	  0.658228	 OR104
 -117.065300	  42.649500	  -85.566798	  0.607595	 OR105
 -117.876500	  42.679700	  88.985356	  0.810127	 OR106
 -118.977000	  42.632900	  85.358977	  1.012658	 OR108
 -117.462900	  42.546800	  -85.806448	  0.607595	 OR109
 -118.904000	  42.509200	  84.380150	  1.012658	 OR111
 -117.678600	  42.416500	  86.050878	  0.759494	 OR120
 -119.026100	  42.106000	  81.247719	  0.860759	 OR127
 -118.825200	  42.929900	  -88.506671	  0.860759	 OR132
 -118.569200	  43.910400	  -81.192626	  1.063291	 OR133
 -115.950000	  44.921000	  77.505919	  0.354430	 W01
 -116.140000	  44.932000	  80.399121	  0.455696	 W02
 -116.399000	  44.991000	  88.262419	  0.556962	 W03
 -116.664000	  45.045000	  -88.879238	  0.708861	 W04
 -116.836000	  45.128000	  -87.961611	  0.810127	 W05
 -117.034000	  45.164000	  -84.068927	  0.860759	 W06
 -117.375000	  45.250000	  -77.249491	  0.911392	 W07
 -117.359000	  45.427000	  -82.204384	  0.962025	 W08
 -117.807000	  45.504000	  -77.450544	  0.911392	 W09
 -117.681000	  45.640000	  -80.349409	  0.962025	 W10
 -117.548000	  45.805000	  -85.237773	  0.962025	 W11
 -117.464000	  45.953000	  -86.157872	  0.860759	 W12
 -117.379000	  46.122000	  -84.072550	  0.759494	 W13
 -117.499000	  46.269000	  -84.112495	  0.759494	 W14
 -117.548000	  46.375000	  -83.119159	  0.708861	 W15
 -117.191600	  45.009000	  -78.191515	  0.810127	 W18
 -117.506000	  44.844800	  -86.405945	  0.810127	 W19
 -117.924000	  44.538000	  -79.706464	  1.012658	 W20
 -117.383900	  46.724000	  -78.947242	  0.708861	 W21
 -118.072700	  46.789300	  -82.344039	  0.759494	 W22
 -117.759700	  46.965700	  -77.119372	  0.708861	 W23
 -118.400900	  45.660400	  -82.768075	  1.012658	 W25
 -119.087100	  46.018400	  -79.103924	  1.215190	 W26
 -119.395800	  46.171600	  -77.257997	  1.215190	 W27
 -117.098200	  45.530300	  -89.031145	  0.860759	 W28
 -116.851500	  45.650100	  -85.862279	  0.658228	 W29
 -116.364700	  45.801900	  -78.545902	  0.556962	 W30
